S
21
0
-4
40.4
34.1
-34.4
-43.2
7.5
6.8
-4.7
8.9
9.1
21
0
-4
40.4
34.1
-34.4
-43.2
7.5
6.8
-4.7
8.9
9.1
21
0
-4
40.4
34.1
-34.4
-43.2
7.5
6.8
-4.7
8.9
9.1
21
0
-4
40.4
34.1
-34.4
-43.2
7.5
6.8
-4.7
8.9
9.1
21
0
-4
40.4
34.1
-34.4
-43.2
7.5
6.8
-4.7
8.9
9.1
21
0
-4
40.4
34.1
-34.4
-43.2
7.5
6.8
-4.7
8.9
9.1
21
0
-4
40.4
34.1
-34.4
-43.2
7.5
6.8
-4.7
8.9
9.1
21
0
-4
40.4
34.1
-34.4
-43.2
7.5
6.8
-4.7
8.9
9.1
21
0
-4
40.4
34.1
-34.4
-43.2
7.5
6.8
-4.7
8.9
9.1
21
0
-4
40.4
34.1
-34.4
-43.2
7.5
6.8
-4.7
8.9
9.1
21
0
-4
40.4
34.1
-34.4
-43.2
7.5
6.8
-4.7
8.9
9.1
21
0
-4
40.4
34.1
-34.4
-43.2
7.5
6.8
-4.7
8.9
9.1
